shape=[1, 2, 4]
values=[-0.96346245764984062, -0.52342570330989036, 0.25909989279998924, -0.06527218672892596, -1.17399396001984813, -0.43157026518000929, 0.52176249582346856, 0.31758538905117123]
loss=[-2.05927679521388551]
x_grad=[0.24736662142461532, 0.15074406702854473, -0.08020819703022034, -0.15277844234678808, 0.09848497406530066, 0.53158200088175311, -0.02221087108206937, -0.47611600524877828]
param_grad_0=[0.09740068392373889, -0.09337052752234429, 0.08934037112094967, -0.32041314658097891, -0.06161004221659662, 0.05906079824800379, -0.05651155427941096, 0.20267483442993972, 0.00623641217670712, -0.04380748106033107, 0.08137854994395501, 0.24428824565524621, -0.00584414253289423, 0.04105199529304049, -0.07625984805318675, -0.22892254172234108]
param_grad_1=[-0.21898230625584542, 0.13851554824475026, 0.21295358894832939, -0.19955883149508905]
param_grad_2=[-0.15257946969217848, 0.20343929292290464, -0.25429911615363082, 0.10171964646145229, -0.08839244937608622, 0.11785659916811494, -0.14732074896014369, 0.05892829958405749, -0.06834870830726220, 0.09113161107634959, -0.11391451384543699, 0.04556580553817473, -0.01295518923440951, 0.01727358564587933, -0.02159198205734916, 0.00863679282293971]
param_grad_3=[-0.00000000000000003, 0.00000000000000001, -0.00000000000000006, 0.00000000000000003]
param_grad_4=[-0.63556446020439783, 0.60096173513750029, -0.56635901007060274, 2.14891245608147630, 0.21378267874988396, -0.20214347656027742, 0.19050427437067088, -0.72282245157689740, 0.53795805802834862, -0.61048424552504721, 0.68301043302174558, -1.10619086160815661, -1.98869260184004171, 2.25680326653194907, -2.52491393122385599, 4.08930315267677624]
param_grad_5=[1.47874527081018092, -0.49740057063740695, -0.64075899107650636, 2.36872121552864190]
param_grad_6=[0.19423925308971646, -0.19544122596489857, -1.17366195204030399, -1.59942908027396546, 0.19423925308971646, -0.19544122596489857, -1.17366195204030399, -1.59942908027396546, 0.19423925308971646, -0.19544122596489857, -1.17366195204030399, -1.59942908027396546, 0.19423925308971646, -0.19544122596489857, -1.17366195204030399, -1.59942908027396546]
param_grad_7=[2.00000000000000000, 2.00000000000000000, 2.00000000000000000, 2.00000000000000000]
